6522
8857
2304
3297
5176
2938
3682
6472
0437
1288
2672
0566
5431
7983
6040
6046
7667
3986
9914
9476
3101
2490
3766
6450
3886
2836
5990
6169
2604
9529
5307
5168
4962
6465
4925
7932
6266
2248
9652
2395
9853
1550
7179
5164
5890
2751
6915
9689
0013
3522
2965
4176
5739
1591
4397
1127
6192
5012
6608
2440
6852
9664
7642
1924
5621
4653
7622
6237
8438
0595
3062
5314
4783
4641
0407
3270
6388
7366
6542
1481
1734
0885
9942
4392
3833
4820
5658
5598
3382
4369
6549
4880
8084
6487
7290
5370
1559
9190
8271
9751
4231
4373
8984
4123
6726
5831
2680
2402
5349
1599
7928
9558
9116
1785
6085
0380
6807
3586
0737
7185
4265
5188
6577
4605
0123
2348
5520
3614
5665
0064
3819
4122
7826
2057
7961
6229
0091
3115
8826
8163
1352
4076
1480
2207
4829
0112
1788
6082
4163
6909
9496
2576
0063
8782
9077
7772
7476
1433
3136
8593
8823
8357
3021
6083
7276
9899
1473
0702
7221
1752
9546
6019
4484
0474
4900
8338
9547
4514
7823
4382
2975
4737
8981
5292
3323
2024
2878
3622
4108
6618
0995
0914
5759
4313
2931
8628
3244
2020
2416
7354
6199
6137
6408
8358
4480
3660
7606
9338
7449
0777
6026
2890
8200
8747
7583
2818
6174
4918
6727
7357
6910
1907
1605
1636
6198
2043
8861
7747
7767
5127
1998
5820
8929
4067
6243
3366
7169
9982
9286
0378
2113
9545
2667
2340
1007
8270
1915
9918
1142
4362
4019
7629
9433
8078
5779
1771
9299
2205
6177
0484
9447
2607
6515
1592
8795
6994
1498
8518
3061
7199
8434
9016
3778
1525
8652
1205
7679
4098
8712
0515
9432
9699
9972
9133
5021
1814
3387
1506
8912
8095
9720
0704
9677
7048
6460
1912
8049
2887
8631
4795
8672
7999
8735
6832
9018
2517
7204
4435
8891
9319
5834
5856
4966
5075
3574
0355
4116
5669
9831
2852
7549
3912
0258
5630
5232
8194
0318
6222
6527
0556
3609
9990
8314
2918
7603
4247
2378
9094
9252
5450
2345
4467
6730
4228
9163
4639
8474
3972
0577
1630
8638
8136
6873
6156
8213
7379
5816
8082
0845
6850
9043
4103
9611
2464
8348
5406
8224
0909
7287
6415
8483
1797
5393
2275
6434
2305
9976
9170
5293
8322
9665
7436
1916
8701
1330
5212
2573
2783
8089
0650
4723
2176
9591
9031
2827
6558
9017
4140
0776
8718
3987
3445
5552
1237
5405
9597
7719
3160
4475
5900
3139
3416
0486
2103
4424
8616
3304
9810
2584
9227
0274
2463
4024
0052
1775
4524
0540
3285
5222
0029
7161
3161
2068
3373
7305
8763
6147
0524
9903
5582
2198
1363
6750
7963
7765
4091
9420
2983
1180
8015
0528
1519
6081
7646
2382
6102
0497
0615
0421
7901
1745
3697
4350
0482
0189
9742
6764
9658
0718
9592
1413
9678
9932
4797
4664
2460
1851
7156
0516
9402
3726
0401
3011
5178
7145
5299
6149
0563
8951
4945
1269
9499
9936
5281
4023
5080
2344
6575
3497
1809
5166
1649
7800
0452
4459
5420
6690
9790
1505
6838
1496
7536
9842
3432
8355
1609
2453
2850
5747
5395
2016
1622
9386
7807
2628
0686
8380
9552
8737
4965
6463
0287
9648
2953
5611
5285
1246
3876
2854
5150
8817
3003
8934
3812
3709
9979
9291
1252
7915
4352
3841
9086
7166
2400
7162
2090
9908
0886
8617
2321
9323
5432
7837
7560
6611
3049
7130
8599
5515
5760
7114
7510
0688
2941
4732
4370
9586
9777
0793
1887
6530
3800
4796
3066
4064
9289
1945
5789
3866
8591
2885
9196
3954
9293
6327
7442
2900
2542
2646
8733
7550
7607
7398
8054
0245
2300
7260
4972
5124
7592
5758
3739
1667
4566
4565
3314
6898
5537
8204
7723
7884
7911
7297
3967
1531
8705
7743
2966
2413
3224
3334
6802
3249
3196
2635
7626
2842
5238
2924
7128
1437
1011
5371
5622
1708
0331
9887
4589
5722
6596
5977
2234
5383
4339
8959
7171
9672
4466
0842
5236
1137
5523
8524
6179
6428
1079
4421
1742
5936
2695
1271
0663
9020
5614
9762
2557
9949
3068
6753
2152
2729
9482
9602
4801
6652
6221
7488
9055
5793
8050
1043
3863
4083
1340
0475
5550
5733
9861
9004
7351
6681
7118
0815
6252
0588
2991
1815
8574
2320
6308
0693
3144
0312
7210
8193
1301
6818
8796
9915
2377
4727
5472
8263
8854
7982
4275
5653
6984
6814
6979
2780
1810
1273
3461
2579
6679
5738
0818
3664
3501
9054
9142
5701
2595
0655
7542
5229
3571
5873
8093
3278
3322
8167
9339
4266
9897
3479
3236
7445
8710
9383
4046
7588
2054
6244
7110
9418
4175
8884
6943
2220
6842
7931
2748
5104
7659
7481
6475
0623
8583
1195
1560
5108
6533
8288
0533
1918
5763
0409
1450
7661
9143
3564
4028
8112
8425
5714
1493
6276
2009
0394
4678
2037
6716
5037
3594
1385
1925
7502
8482
3829
3635
8856
7587
5211
1739
5512
8101
8318
5954
6466
2744
9772
4147
8633
6553
9305
2240
4959
0041
5102
9259
6969
3294
4038
1600
2768
5158
1616
8427
6051
3767
2254
7903
4517
7552
5810
7415
2657
8464
0236
0109
8715
9740
9493
3462
0156
5423
4860
5301
8529
0696
0804
6129
0432
0171
6885
2313
4207
5043
1100
1174
9582
0338
7620
8606
7643
1968
6145
5888
6919
6694
2637
0502
1510
2804
5125
0908
8508
8720
9702
6136
4612
9330
7343
0053
1507
6368
8202
0211
8539
3998
0160
9349
3026
7001
4988
4464
4115
2237
5379
3038
9917
5727
5491
6271
4158
1186
4619
6857
3333
3918
4408
6531
5680
5528
8324
7385
2814
8925
8375
9488
5564
2753
9177
5646
8283
7173
9374
6139
4089
3182
5061
4133
5969
2388
0349
7272
7387
5173
3970
8132
0151
5414
0991
7742
7426
1904
7909
1417
0643
5849
1974
7749
4205
4528
7668
9313
7798
2200
8608
6107
4130
0233
1727
6311
4282
4465
7247
8595
6471
2475
2231
7003
6949
2874
2094
8423
0285
4778
4476
2976
3774
2282
2691
0790
9906
7959
5313
9228
5686
1386
4276
5057
6789
8974
2616
1678
7623
1593
7935
6414
6114
1139
6014
3578
2347
0674
7296
9647
5857
3369
8881
3119
6016
2480
6696
8919
7663
7172
8620
5702
3433
2928
8047
9998
8236
2652
9991
0304
8053
2592
8413
5182
0060
2279
0503
8332
3166
8589
9278
4583
0264
9927
4981
8414
7657
4920
6193
3450
2678
5589
4182
4728
1445
9804
8901
2417
7941
0166
3872
6247
6573
6164
8301
3993
5684
9585
5754
4971
6831
9179
8442
9951
5545
3687
4375
4525
6283
0888
6749
6547
9204
0489
3547
8676
8815
1533
1167
6341
9688
0826
1421
9268
6648
0998
2023
2420
2069
4854
4166
2137
9522
4119
8495
6545
3149
3308
6851
2070
2066
2956
2088
4646
1477
2217
7854
8304
3552
1835
7157
9073
5250
5604
9044
0658
0449
2958
8553
2578
2230
6445
9486
0747
0614
7979
8664
9756
5882
3495
2507
0751
3638
3005
3163
2654
7633
4246
0492
3913
5474
6970
8335
0546
1652
0386
1188
7945
9738
8228
0325
4295
3830
2585
6676
5225
1398
6399
8811
4443
2389
7396
1805
2498
6642
5507
5361
3103
6433
4656
5704
1579
8992
5624
5437
8209
6091
4409
6665
2908
0860
2789
3438
7293
1000
6538
1653
1285
3272
6318
7029
3211
3548
9226
8424
8373
4840
7132
1030
3473
3924
2221
6841
0597
1347
9095
7597
0246
7112
8966
2365
2593
1206
1005
7007
8855
5949
0030
4082
4084
2822
0101
6349
5585
6755
0522
6876
0370
0627
5074
8208
0024
9398
7096
2871
6008
9519
5553
9126
1919
4438
2742
6592
0911
6839
6945
9723
2422
4263
5837
8910
7994
4208
9329
5549
5131
5019
6009
8029
7691
4643
8162
4288
5069
8030
6624
4284
0766
8968
0934
4250
0630
4649
6630
4219
5483
8526
3996
8279
2352
8882
9912
0371
1158
7288
6792
2806
0081
0427
9860
1082
5174
9869
6344
4127
0622
6284
8675
4789
9220
2477
1479
5477
9066
5338
2161
6771
4269
3566
0088
4470
7956
4884
3449
1818
2053
5320
8371
8097
4757
3584
2649
5259
8830
3704
1861
5271
6396
7997
2536
8418
5679
0753
1172
9774
6544
5579
7369
4329
8783
3253
0327
2831
2290
7923
5216
6191
7515
7182
6165
8573
9612
1307
4088
5532
0102
3853
2901
4420
4107
4896
9919
4902
9834
0314
1500
7677
3985
4259
5017
4862
0079
0808
4346
3327
8750
4378
9911
7251
8481
9854
9518
9188
0982
3722
3073
4561
0642
1964
1315
3439
4453
7555
1733
5732
0756
1345
9353
6586
3596
7146
6004
8940
3009
6673
3318
4935
8538
8107
4308
0216
1112
0962
2001
5546
0483
4483
9839
3966
3378
9792
2034
8561
9187
5028
8673
5253
9175
7537
5156
8175
7329
3254
8980
9028
3701
1035
8598
6989
8137
1860
9053
7580
5505
6763
0539
0320
9049
6090
8277
7796
6300
0467
7395
0569
9485
4802
8160
3372
9110
9247
0979
0514
6195
3632
2059
3689
9234
3491
8536
2380
8828
8479
7604
5697
5516
5128
6491
7714
1524
8223
7540
9907
1041
0385
2452
7212
9987
6602
2551
3037
7472
1821
5595
1283
9416
7864
2165
6845
3279
7152
6532
4348
3717
4287
6863
9721
8361
3702
1406
8641
7728
6101
2629
1891
8415
1940
5025
3618
4790
6092
5741
2977
5355
7201
5806
0770
5146
6907
2952
3306
5207
3855
8909
0669
1778
7696
3653
8407
7053
8077
0122
6253
8636
1762
4444
2756
4733
4675
8683
8492
9653
9661
7489
6629
3988
7951
5245
9448
8799
0612
7090
3250
3047
3102
9351
3177
0181
7262
2867
0811
2172
7452
9438
2781
4164
9520
0869
8343
7867
6419
2583
4302
2474
0436
6364
0129
8745
6906
9941
7258
6701
3394
1905
6658
0653
9455
7205
1036
1060
5712
0682
6438
1103
7265
0188
1936
1074
3186
1683
5434
7732
2175
1791
8784
2446
3352
4449
6799
9010
8813
9027
1604
3598
8894
2759
4768
1571
9158
9136
2410
0745
1509
5332
6457
3237
4870
9221
0525
9237
9490
2773
8499
5014
2162
3727
8303
0535
4809
9131
0884
5893
6180
0280
1942
0980
8260
2961
1311
6951
6917
4506
2164
1831
1295
0286
8477
7563
1080
4499
8473
3465
4734
6097
8176
1975
9607
6355
2142
4670
0838
9771
8615
0485
1621
6871
6280
7699
2055
3092
0510
6867
5272
0390
5289
7833
1991
2919
1407
8385
5221
6494
2790
9524
7098
5322
6933
6168
7062
9381
5112
3815
2101
7102
0705
2025
0487
1119
3813
3321
7590
8649
3110
3193
6523
7514
7835
5744
3155
7180
9996
1435
3582
5234
8994
5282
7662
3529
4012
5482
3367
3608
3633
0106
6078
0281
6973
1707
9164
1075
1045
5778
9413
5519
3509
6870
8757
2107
5249
7178
0279
2538
2868
8708
6099
0479
2706
5730
8051
4216
6713
1441
7107
0423
8801
4535
9261
4267
0867
3668
2357
9812
9162
9954
3447
7996
0740
2095
3735
0731
0226
4054
6216
4906
5959
3989
8681
9089
3498
1780
4094
5896
1526
2121
0585
2785
3906
2038
7034
2433
3923
9640
2760
6297
6557
0633
5659
8575
3113
2817
3159
7859
2738
9325
1716
8746
6912
8706
9060
8128
7595
5976
1725
6959
2154
3225
5541
2528
7526
7063
1164
9456
9575
7593
5830
2969
2739
0975
3857
8995
0837
7962
9536
4174
7304
3602
2841
4492
9415
5191
1876
8702
0105
2324
2225
3938
7414
7382
3859
9747
6929
8430
6273
8514
4326
7556
9935
3595
6622
0400
4647
4718
2419
0706
3230
6998
7209
7851
1949
4632
9780
6166
5864
7794
2394
9934
2117
5941
1069
2189
8713
4873
3647
2284
2799
9342
3818
2350
4479
8993
1216
3410
8256
4411
0772
0237
0187
1299
0972
0117
5256
7843
7482
0592
9797
2371
3691
0108
3153
6153
7013
2662
0707
8725
6050
9439
5609
7866
9277
7926
9337
4631
3531
9440
8548
4741
2271
5169
1145
9019
0564
4018
7165
4294
2262
4447
4261
2529
7919
5584
3099
0035
9662
9757
8585
3823
8149
3874
2821
4625
5218
9581
8547
9454
7095
9117
7734
5851
8810
8121
1646
3808
2299
6200
2563
7870
3964
4220
2943
0963
8543
1759
9346
9334
9391
2819
9369
7616
5871
6728
5199
8659
2543
9584
4445
6194
3201
4360
4232
4425
9952
7023
9347
5003
4724
4143
4697
1844
9114
8106
3206
5223
0000
7407
5865
0758
5996
6383
6223
5186
6680
1705
9890
0757
9876
5445
9216
7855
1042
0854
7375
3480
8056
2093
3060
5095
4338
6869
2732
7214
7694
3816
9755
5667
9531
2894
0806
2687
3286
3183
9080
0044
1182
3251
6769
6670
0165
0834
7302
3945
9207
5974
5244
3199
0938
5777
3086
6880
4940
0641
3591
0267
0724
7805
4398
7865
7686
0205
5410
7279
4185
5304
1292
2232
8562
4558
8085
3031
1848
2130
8487
1465
2449
4515
0461
2832
7083
2731
6233
5616
4065
1240
1878
8300
3849
7495
0697
4142
8700
9895
7702
2215
8063
0691
8345
1155
2492
2794
1029
5671
2771
1798
9822
5451
3181
5514
0299
1281
7813
7285
4603
1577
9429
6017
5195
1434
8669
8658
7470
7637
9410
6067
1895
1325
4194
6242
1047
1468
0545
7539
0040
4832
5288
9129
6317
8662
3001
7153
7484
2803
8248
2291
7753
1671
6096
2133
9606
3645
6183
6248
6731
5214
3343
8868
8309
0644
8572
9823
7491
3087
9793
6669
2338
9279
7361
1476
0012
5157
4300
1772
7946
4889
9100
2767
2886
1836
7809
0147
7627
7947
8724
7644
9512
3528
5899
1709
9332
6599
6279
3820
2959
2811
3861
6606
3019
5035
1375
2182
2065
9194
1558
4227
2912
1227
0654
0501
1684
4970
0032
1004
8416
3538
3132
5750
6777
4199
5547
4493
1305
1626
1026
4642
7377
4134
2552
1581
6316
0362
2960
6879
7266
3871
4690
7787
7238
4798
7617
6684
0270
7419
0609
1199
9421
9302
0538
7010
0313
9981
7969
6689
8770
3052
5290
4359
0699
6307
5424
4553
5602
3389
4887
4363
4004
4762
2600
9573
5243
7159
0238
6812
0647
6761
5632
7745
4705
3711
5509
9824
6911
9818
1542
0976
8906
6825
1650
9697
7344
6201
0075
9359
4124
8392
2115
2238
0660
5208
3391
5247
1157
5921
1670
8523
4905
6663
8996
1260
2922
7967
6784
4750
0905
2796
2343
8551
8619
0259
3313
5287
5934
8513
7782
2514
0200
2993
3292
7842
4086
7458
0446
1263
5144
9401
8611
2098
4985
0382
1169
7461
8431
3388
0463
7850
7460
0722
9198
8428
2219
5490
1232
4530
0783
9726
8946
6672
5749
2466
4110
3589
1084
9326
8754
0738
1672
5634
8326
1541
8671
4299
4051
0953
7678
5183
9322
8376
6032
0462
0873
0841
9580
9119
2914
5506
5525
4659
0568
0076
2981
9627
1789
7838
8394
2567
4817
7591
2917
2905
1586
0590
0070
3121
8498
1405
1466
1361
9127
1017
4374
9509
2191
2925
9724
3233
7106
4436
9284
6077
8979
1960
1449
0919
5273
2083
1651
9328
4813
2525
6739
4052
5725
6638
7471
0511
7341
0574
0434
3351
1750
0805
0037
8168
9042
8522
0703
8184
1908
8926
8822
0513
5090
1959
2709
6664
5440
2546
5206
1642
6950
2623
9469
9858
0726
1154
9382
0667
2951
9871
9807
0966
1034
6162
3675
8682
4197
9224
4401
2766
9316
4580
3537
1201
5620
2988
8913
5927
2882
2757
7399
7736
8042
3848
8273
9604
0334
7598
0023
8159
4950
8274
0954
8337
5965
7469
8182
0640
3191
9148
2812
2735
8637
9669
5846
7822
0186
3844
0551
2810
3617
2754
0239
1489
8493
3231
2677
1869
7109
3174
8346
4749
2873
4910
7220
3442
8821
1529
0573
1808
6609
6942
8570
1879
6566
3455
6444
3794
9471
7966
8311
0376
7834
5050
8862
8250
2214
9893
0999
5407
6985
0584
9115
0527
0128
0074
3958
4908
2621
3950
7198
8670
8278
2048
2774
8013
3175
3291
8653
7566
8657
0868
8210
8714
4389
6756
8605
8852
6988
4364
1713
9308
9628
2516
9881
9345
3118
8468
7237
4777
3780
4933
7585
8197
2360
7689
2481
3205
3541
4471
0769
2845
4511
5539
3649
1257
1461
8559
4310
3754
6333
2513
1499
6646
9091
1787
9896
8251
1218
6272
3064
5465
0613
9229
9961
3464
7064
7020
4748
4293
5266
5053
6332
1258
2935
3134
9523
0097
2306
5811
9589
5757
2984
4405
9087
2730
0059
6492
4357
2555
9079
9554
2711
5385
6420
6872
0685
7158
3699
3353
0025
6502
2642
3273
4271
5593
1319
5433
0499
6506
8276
1637
2029
7207
6541
5143
8886
3798
8947
1897
0625
0152
9172
6817
0801
7849
9997
5203
5114
5883
6124
7803
9169
9184
2947
4045
9130
0973
5049
4273
4141
1522
4571
4317
8372
0665
2424
8031
0717
6854
3994
3939
9629
8773
3423
7781
6354
0308
2801
6662
2401
6698
6245
5993
4903
3051
5601
4773
7933
3817
9963
8774
0791
6893
3342
6029
9744
2712
2431
7906
4969
3044
9125
7160
3319
2942
6324
1751
3008
5992
3742
8957
1871
0346
6068
8381
7174
7245
2496
6661
8060
3131
3468
6292
6856
7360
8760
9752
4153
2155
4677
0332
1589
0213
4684
0946
0140
6339
2650
7762
7712
9135
4032
9467
4460
3152
0381
8406
0368
3814
3791
8220
2123
4118
9888
6977
4455
4951
8565
9962
1161
8731
1513
6762
2192
5257
4417
3266
1736
2393
0762
9063
1773
5841
9883
9076
9236
1162
8988
7929
7504
5170
9052
0646
6154
3612
7283
2639
7155
7017
7046
0302
1165
3854
8475
0928
3864
5036
1133
1048
7856
5462
2110
6953
8739
0473
9595
8762
0974
2046
0050
6932
7390
5087
2505
4522
7517
3524
4059
2132
1675
8347
9035
3679
3124
1934
8472
7654
5148
7411
8691
5449
4497
2283
4011
6891
0048
6944
6914
3526
4434
1723
9431
4128
0882
9603
7774
2728
5682
7812
5966
1826
7908
3370
6468
3261
7635
9124
3662
6157
4851
8853
2544
1374
0787
5740
8081
1595
2203
5995
9656
4238
3811
6829
2193
0542
4117
1728
8158
0289
3521
0720
1669
2726
2434
1783
0456
5745
8157
2870
8291
8958
2312
2458
4886
7744
5576
1198
8893
7254
7814
1150
6488
9397
2626
3880
2128
0387
7608
6375
8239
7527
8065
7479
6304
2000
2906
7690
3085
0895
9240
8183
1451
4324
9235
2136
8772
9274
7904
4537
0207
8027
9082
1584
7142
3657
1877
3879
9578
3281
2582
9593
8549
3375
7731
5487
4676
8806
6277
9577
3126
9995
2541
1279
4353
4448
5442
3846
9873
6402
1816
2521
1638
0223
6507
6131
5106
7346
9140
7485
5580
0190
3920
5776
1190
1548
2788
4085
0773
9271
8310
3117
3125
1471
3719
4574
6387
8824
8858
5055
9925
8937
4556
1843
1572
4427
5136
7817
0794
2661
9513
7042
2615
8232
9000
7792
2949
9355
9946
8119
9846
5554
0828
5643
8284
4195
2994
4171
9495
8262
3669
3063
3678
8071
9674
2268
8216
4286
8127
0937
6045
0760
4867
6462
8695
2504
4834
4041
4289
2770
9363
9244
6127
2656
5922
4361
3413
2647
1068
4568
5160
7776
4821
2156
9296
7483
9859
6212
8933
8534
9068
4058
9427
5010
4995
3878
0671
6815
8471
3887
4341
7832
2019
9212
4055
5435
2293
5120
2995
3460
7651
0003
0865
1309
7018
2721
3401
4593
5970
0215
4913
1668
2370
3419
9492
8261
9870
3914
4093
7196
0257
3730
5470
3488
2256
1951
6659
6470
8016
7950
7278
9623
6809
8327
3365
9070
6452
4516
0713
2932
0183
0759
8275
2510
6254
2204
6187
2861
0415
5527
8367
9501
7840
4381
0496
3613
3965
9817
1049
3718
3299
1590
1191
2415
9189
2855
3335
5137
8742
6352
8211
8844
7215
4837
2665
7380
7611
0411
8235
2509
6600
3516
5716
2028
3756
7441
7028
1140
9850
3956
6064
7240
2829
9354
2323
3695
5555
0194
6028
9800
9449
7596
9461
6855
7012
6578
2679
4599
0586
0204
7345
9732
0472
6325
0792
6514
6960
1401
4167
4099
6759
4848
8215
4875
7648
0491
6877
8066
6069
2823
6940
2183
6044
0124
7764
3385
5412
2698
1730
6824
2199
4608
7168
8190
5894
3301
0085
7202
7559
8978
5071
3142
2875
0121
5336
4982
6803
8550
9691
8312
2599
4936
0180
6135
2495
6589
4396
4190
2092
9900
7821
8971
4230
4716
4070
7249
2624
4874
1430
6144
1655
7520
5860
7068
0512
4355
6725
1262
6490
8931
5352
8290
1782
7830
0319
4620
2704
2127
0324
4196
1370
8945
7666
3708
2530
1943
7562
5984
7525
5121
2564
5109
4504
7104
4047
0767
3137
4321
4063
3040
1494
3300
2798
9843
5398
6808
4579
3222
6806
1896
2286
4366
4226
8055
2006
0922
7425
8961
1890
6936
1793
5678
7682
9609
8590
8225
1200
0876
6342
3508
7310
9862
9539
3018
4682
7589
5134
0618
7576
6939
9037
3263
4811
1321
8470
3888
9852
0284
9898
4092
7498
1965
8540
9670
2979
4491
0951
2206
1144
2429
0599
2787
5326
6822
8315
8494
8877
1192
8046
8001
5824
6508
4025
4410
5198
3290
1116
2211
7150
3554
3469
0268
4555
3347
8898
5650
5004
6319
6641
9769
1379
6443
2441
7500
3361
3466
6033
3289
0961
7105
2044
6615
0042
7036
2263
9134
0339
4292
0957
2499
9901
6571
5084
7594
4929
7211
9380
2971
4328
9555
9750
0743
0526
4225
7494
6437
9392
9343
8674
5558
1538
4871
2051
3458
6922
3580
9320
1073
1719
1381
7970
6172
2196
8012
6357
3215
2948
6918
0157
4585
9494
7006
8836
2105
8924
0822
9776
6322
5821
8630
7613
6556
1901
7434
2403
0732
3138
4907
4635
7981
2627
2718
9696
4509
3785
1097
6255
2229
4994
2423
7228
0944
5469
3663
5832
4956
7200
0977
1118
0594
0445
7044
9026
3241
8022
7047
7952
1547
5354
4304
5808
5711
6795
5457
1239
0661
6548
4222
9778
2294
1714
4993
3843
7571
2224
5615
4761
6385
2447
4779
9826
5952
1938
4577
0983
6628
9711
8643
4213
4001
5570
8238
4743
3180
6441
4845
2937
6787
1121
7584
8776
0506
1528
6353
4253
7846
1573
5418
9619
8935
0700
9390
3799
3189
0735
0690
4469
4957
4852
2056
7759
2260
4022
9947
1329
8791
4949
0809
0300
1504
2122
1418
3551
9708
6391
2489
1253
1973
7124
5443
9376
7177
1834
7069
8435
8342
1970
2601
9944
9964
7364
6717
8848
4496
2741
8969
4154
5219
1255
9880
3271
2310
8896
1238
9150
9634
2978
9385
5708
4290
5038
4534
2040
3919
4745
4699
7987
4999
0366
7773
4096
8356
0137
9809
7333
7902
8749
9700
5982
3363
2208
2241
0230
5540
7553
6111
1645
4866
1953
5331
6478
6015
5968
3098
8970
0229
9324
9358
0531
7117
0855
9014
7331
9301
3129
1657
7316
1536
0536
6643
1491
1373
6593
9802
3128
8302
8465
7123
7852
1220
3386
2364
0398
3288
0798
8632
0812
7989
4948
0779
3680
4490
1251
4931
5644
6913
2750
7459
4828
8972
1099
4251
9835
0221
6098
9940
0328
1420
3227
5569
3784
8541
4792
7243
1875
5767
7980
3729
3760
6710
5280
5884
7273
7435
4468
6260
0915
7033
6801
9061
6865
6626
7977
7164
3877
9679
5428
4505
6394
7575
1729
7011
1394
6109
4450
3069
5485
6512
8497
8997
0839
2274
8726
5628
6160
0068
4072
2339
7332
1543
3330
8603
1303
2194
7656
8214
1654
9282
1634
2634
7531
8764
3610
0163
3983
0359
7193
0677
9682
5836
4810
2708
8048
1617
3957
4855
9833
5224
6920
6820
4536
5261
9926
2467
0134
3683
4742
5105
0831
1681
3763
3415
5341
4562
1296
1020
8556
5544
0136
3020
5656
2116
0119
4958
6554
8059
9062
5373
1077
0383
4893
4618
8627
8113
4549
0678
3173
7600
0009
7573
9993
1865
4312
5689
9530
7888
6745
2725
3259
2658
5145
9713
7737
4403
3482
1115
6397
3997
0606
3164
0698
0265
4663
5376
1470
5088
7381
9498
0774
3511
8352
9139
4901
1431
3311
2157
5005
9267
7990
8525
5885
6219
2769
7647
0100
7927
5645
1744
7219
7455
7993
8405
7718
1508
5377
7388
1765
1189
8378
2226
4633
5673
1448
2689
1009
1776
7021
2701
3371
3941
4446
0252
5825
0789
3802
8519
4974
5020
4183
3852
9478
5246
8266
0275
8545
5807
5735
3628
0118
5986
0943
0617
2967
4306
7876
6752
3604
8219
0405
1886
2129
9253
4804
6010
4709
6057
4188
5001
3654
5803
8181
5571
5875
1838
5459
4626
9033
3406
6987
5792
9841
2096
6797
7439
5294
3788
6620
4179
9819
0019
9977
5471
3555
9556
9294
5998
6382
3478
6782
5384
7554
8986
4035
3245
9263
2216
3533
8622
1326
8502
9331
3507
6338
7521
0902
7077
2631
9384
1631
1842
7313
2425
3655
5060
2565
3076
6020
1633
8867
6389
3454
5311
5991
0926
8967
8506
5869
5596
8021
7347
4390
2334
5720
3968
1204
8942
8895
1064
5317
5100
6120
0936
1939
2235
6748
1376
6805
0896
7093
1932
1565
3892
2955
2660
1747
9388
6423
1313
0889
1587
0058
1208
5230
5110
3619
7292
2547
0080
3684
4547
4155
3179
4272
6904
1847
3736
9182
3116
1178
6110
2359
6657
9877
4407
2085
9596
6258
8696
3293
4859
2239
7879
1545
5724
6483
9754
5955
9636
8985
3298
2331
7938
9528
0825
0404
3885
3054
8843
9816
6436
7446
0844
2765
1184
3493
3911
2910
6705
2033
9138
6372
3133
9705
6627
6517
8455
8396
1070
5215
8453
5382
4322
7991
3976
7693
1689
2384
3714
0272
5468
0764
0544
9373
4938
9968
3750
2847
9264
6565
7664
7231
5248
2682
4500
8399
6975
6151
3239
4898
8692
6440
2281
5543
2586
8880
4020
1209
0906
8242
1921
7882
4695
9775
0350
1832
7307
9830
5961
1037
5718
9712
3112
9225
0632
1501
8201
4827
7264
6721
6163
2825
3470
9246
1367
1757
3975
5390
3097
5009
7824
1055
2210
6518
7887
5958
0952
5367
6371
0352
7848
4895
1732
0288
2608
2737
9186
7054
6464
8100
8939
8353
2828
9601
9335
1062
2209
1601
1549
1254
8660
7463
3677
9375
1539
7136
7462
9468
8560
0931
4616
5583
1666
8258
9930
8366
8384
1760
0425
5700
9959
0856
1371
0131
9064
1827
6972
0397
3114
6823
7097
7897
5781
2075
8067
6390
9311
4280
9863
4309
5324
5607
8504
4941
3835
0752
9075
0581
1900
3105
5690
2539
3650
7143
8847
6956
9710
3435
9765
3851
1153
4793
7986
8131
1387
1123
9048
0795
0652
5475
2856
6671
0336
2571
5713
3357
8294
9036
0529
7477
7625
0947
7340
9047
8614
7087
0248
0077
5167
4106
6923
0199
2015
4529
5190
8954
4372
7968
0863
1552
6768
4503
2396
8179
9489
0559
5881
3746
6027
4156
7725
1001
5855
9624
3862
0476
8873
9994
9007
1463
8755
2072
3506
1947
6142
9040
8141
5032
7582
1966
3890
1392
3949
4812
2772
0505
6617
5046
2692
0294
5526
0222
1699
0495
8234
7883
0345
7628
5737
7061
2562
9701
6094
1248
0554
3588
9568
0217
7811
1931
8756
4283
1515
0078
8072
0073
1952
5983
1546
4298
5375
2574
4735
6448
1662
8490
8889
3821
1917
0904
6846
6152
0847
6356
7801
5932
6158
4112
7337
3070
0990
4332
0341
2041
6562
7581
8074
0631
1568
9709
0375
7002
1989
1383
0353
6268
3737
8422
3296
8584
9210
3055
7853
1314
1160
9626
1753
7230
5524
1293
5042
9673
9399
0519
8875
5742
2605
2524
5647
4882
1980
5788
4262
3545
1051
9828
5098
2448
7242
9599
4358
2869
7189
5638
2762
3360
3078
5687
4144
5635
1044
7252
8196
8890
6235
3147
2212
7131
5438
1770
6030
8555
8610
0429
4998
7746
6196
4256
0431
3540
1129
5591
3510
8779
5743
3354
8840
0354
4725
8319
9352
9891
0011
8299
5649
8079
4849
8447
3558
3228
4588
0164
7551
4296
4303
1265
8150
5142
8977
8397
4550
0750
4365
3427
7059
1424
1853
0004
6410
7339
4132
9764
0498
6793
5330
0159
0305
6025
7564
7227
3883
1475
6958
3577
1740
6012
2472
7828
0591
6021
5937
8448
2355
6358
0621
4722
1332
9827
7391
2362
9361
2749
1483
1914
7176
4440
3665
7868
4344
2915
1151
8717
0111
2367
7115
7861
7799
4180
5845
7610
1570
4986
3441
1883
5155
2078
4488
6053
1856
7706
3430
3067
8144
5283
0605
0520
7319
0593
8328
5072
3379
7187
9588
7511
2930
0687
1006
9550
2710
6660
8923
6007
3640
5513
4968
0271
3891
4557
9837
4510
2397
2876
2421
5573
6496
0683
1676
6779
9617
6071
7015
9562
4636
4629
9517
3895
9741
3332
9444
3356
7402
0269
1930
3741
0517
0969
4997
3944
8354
0297
5623
7433
9340
0283
7523
8410
7758
9137
2609
8395
5321
3162
6908
7890
6875
7119
2511
6691
6350
8963
3779
2004
4592
3700
1561
5790
4501
3544
6405
1382
2264
5935
3671
3917
7579
3676
1731
3080
5923
5381
1880
0254
4187
4474
0138
1692
6412
4824
6456
6305
7497
9295
6225
1767
4689
9262
2318
8557
9759
2471
6103
4168
1415
5710
2879
6740
4613
1316
8146
5699
2632
5705
9845
5141
8885
1748
3905
2747
2911
7650
9425
7754
2883
2716
0829
6986
1177
8511
1726
3974
8437
2559
0372
1967
9452
4152
3262
0417
7430
4916
0716
4691
9526
5918
7940
6767
7727
9202
3783
9475
2996
3978
7224
1148
2158
5023
0830
3629
0851
5867
0020
9085
6126
2997
4258
9910
4606
7948
0675
7323
4069
4379
7930
1859
2719
2039
1264
8185
6765
5639
3472
6267
4888
5417
4890
1928
4952
0659
3362
0857
8792
1781
7988
4883
2201
4876
8466
9360
6095
5876
9703
7572
2835
3368
0532
0469
0416
1018
5323
7374
2681
7729
1800
6056
4934
8904
6853
4683
7533
3603
8222
1611
0148
2602
5126
9680
7080
0635
9983
5670
1444
8402
4610
8741
0866
2407
2892
4414
0878
7079
7641
7995
0107
8308
9535
1597
6482
8864
0955
8267
2807
2387
5925
2267
3623
8809
3931
2844
1266
6737
2862
9803
5210
1576
1659
6948
5479
1972
8888
9813
4544
8767
4823
7777
0260
6965
5113
5903
2301
5264
8227
0651
6631
5029
7900
6265
8331
7507
6905
6232
3929
6161
1812
8087
6525
7144
7170
9868
4766
1535
8172
1454
2676
3670
5987
4808
2091
3517
5316
2392
4946
3825
5092
9132
6776
5129
8169
8865
6924
5666
7051
3838
4939
7735
4833
0874
2021
3046
2880
2675
3310
5663
1267
8634
9784
2114
1414
8180
2752
6461
5096
4717
5416
7896
7971
6281
5066
7000
5119
9836
3426
1910
3072
8740
4856
4844
9948
3979
0879
2160
2723
2640
2653
3716
3720
3034
1794
8062
9856
9618
6976
8850
4508
2120
0145
1766
1999
4006
0916
4386
5464
2476
0989
1517
6188
1872
6449
9686
6185
4472
5298
1152
3637
6551
1022
6926
0022
8578
7778
8505
3141
4441
8687
1442
3010
7905
4404
1971
6656
9549
9933
9621
4418
9973
1846
5022
4791
7192
0638
6086
5396
2272
0708
2846
6995
5421
6996
8142
0836
4260
7271
9989
5456
9698
1530
4627
9254
4671
7440
1467
8515
5578
6206
1344
8907
3093
2920
4858
3268
9479
0741
6667
0086
6955
7432
1365
2877
9419
0021
4702
4624
0918
1768
0780
1272
9497
1050
8037
6393
0403
8520
8340
4538
7920
8086
8902
4688
1243
1171
6287
0852
3505
9400
5723
7025
1228
2641
8805
8484
2131
7139
0083
8663
8004
5975
5369
7751
6330
0565
5508
0176
8709
4623
5597
0823
7775
8803
6031
2266
5058
9945
7673
9239
0504
4586
7841
7953
1211
3172
2597
1516
8293
5040
8253
4314
4442
8962
0071
6062
1443
8564
3197
3336
6499
4218
3053
9280
1664
1661
7791
6348
1057
8722
7338
5394
3168
8120
4399
7454
8306
3795
8226
2904
6263
1233
4331
5672
8096
6559
4652
6902
0832
7818
8189
0262
2486
7009
2688
8458
6065
5101
9270
2261
5030
2408
5926
1032
2519
6334
4252
4074
4512
8173
3030
0043
8721
9266
3514
9327
9978
9242
4129
5944
6722
3130
5853
1554
3713
6435
4800
0668
1594
7750
1176
5854
8781
3908
8307
0924
7672
4039
8989
3492
3553
1059
2638
9690
0333
8703
7757
3907
0572
8580
7685
4137
9799
8491
5251
4113
7618
0458
2174
3027
3428
2269
1720
0657
8389
0604
7322
4148
1215
6446
9620
0412
2715
3616
9543
8812
2560
4172
4077
4034
7071
4673
3581
2800
3429
0913
1578
3269
2764
7052
3500
4245
9815
5231
5862
8793
5939
2017
6366
8104
6830
8116
9931
5694
4494
3898
2062
6921
3782
9029
2482
2273
5386
9921
2705
5335
8863
0141
5842
0018
5930
5951
0033
3050
4305
3240
0150
9551
5908
6868
2520
9434
0420
6060
5086
3305
2326
2251
5240
6328
1081
3148
5606
9579
8734
7713
2934
9157
5478
8281
6455
4002
0624
8922
3417
3374
9318
0570
0637
7318
5018
1412
6735
0971
8719
2720
7078
6534
1369
9393
4726
6813
9403
8339
6401
3208
6155
6104
0185
6613
5026
3740
2888
0810
7045
8088
9832
3213
3364
7386
4694
5484
7448
1396
8869
4452
3282
1438
0374
0912
3527
6930
3824
4457
2297
8188
5463
2479
4473
3651
3448
9011
1427
5151
5149
4984
6340
6859
8707
8083
8034
0388
4243
0964
7444
3041
8165
0424
5453
2012
9298
9128
4090
0978
0742
1854
2537
2970
0016
3768
5592
8509
7466
7418
2135
9663
5707
3421
2432
7680
9508
1067
1093
1312
4669
0309
0130
4661
4928
9214
8609
8576
1514
8626
9872
8243
7250
4036
8528
4482
7913
6140
3634
3456
4719
6224
7088
9090
1948
8744
2316
8115
4930
9985
4109
6899
8554
9950
5661
7567
3024
5495
2702
9105
0471
5861
6583
5561
2923
1677
1868
6649
7960
7561
5209
9065
0326
6772
9655
5640
7246
8456
3881
1310
2363
4485
2457
8579
1712
2671
9714
7925
9970
5911
9232
5872
0197
6293
2786
1384
4043
2648
5197
5388
5799
2445
3042
0261
4240
7133
1958
5315
8834
9218
8295
5425
7363
4061
5180
5267
3611
5179
8151
9866
0550
6116
9960
4531
6493
9779
6454
2074
0800
3810
0730
3135
1086
9838
8736
6540
2921
2369
4807
4031
9458
3631
7819
2838
8020
4202
0500
2535
1567
6887
6634
6476
7326
1256
5683
5399
4048
6715
3959
6595
7992
8991
0439
5648
0523
1830
3776
6962
7899
9106
4007
2570
6655
6118
3476
6610
2797
0600
2245
3209
6510
3928
7958
7652
8640
0616
8073
2566
0413
9487
6398
7040
5220
2980
0900
3793
1277
5172
8944
3195
9208
2722
3749
8463
2779
0997
2614
1173
7683
3773
6952
4394
1873
2169
3804
0135
3151
4030
1741
3077
6257
3057
2619
6049
2700
0610
2898
9472
6546
5159
5967
4184
9272
2902
8398
5994
0377
8365
9999
5586
5000
1962
4747
2309
3056
3770
3932
8535
5357
2534
7636
4714
0493
6453
9625
0125
5766
5783
2106
3546
8191
5132
0598
6363
4029
1054
0323
4756
9281
4977
7738
3496
5795
0552
8460
5786
4770
0039
0509
1349
8761
1090
3936
3120
5378
9333
0567
1110
0015
7984
9719
1839
2073
8531
0448
8287
5358
4203
4662
5734
6751
7892
0719
2303
7367
5755
1462
8461
8391
8035
1643
2373
5654
6132
8794
8212
6552
5011
0765
2414
4843
6579
8751
5185
3627
6925
6719
1982
8728
9437
5276
3916
7016
5962
7655
8446
7524
9407
6954
6700
4073
9146
4254
3188
9692
7147
1350
3656
8650
6011
2249
0209
7653
1298
0391
8064
4617
0925
2865
9181
6712
2079
5801
7715
8237
2153
7570
0203
7763
9178
6361
6666
6039
7350
4325
2190
1187
1721
7197
3685
6208
7886
7548
5467
4772
7181
3325
3006
3806
7140
5798
1134
4904
2776
8486
7506
9753
6881
2853
0225
3733
1596
6052
2500
5691
9441
9796
7943
8916
1409
1372
7543
9785
4911
0589
7056
4415
9377
3865
8878
2468
6278
6041
0761
1341
8952
2409
8597
4211
7281
2197
1010
7831
2633
9806
9795
1992
4587
3599
6043
6089
5805
1685
9312
8769
3396
4921
1575
1540
9423
1629
3658
2186
5372
2809
8964
8469
6601
3015
1282
2805
1244
2461
5013
3320
4461
5081
1512
9644
7786
3937
7027
5319
6417
3217
1632
7370
8825
6346
5305
6594
5117
3158
3467
2933
1242
2081
7615
8645
7074
6409
7342
5327
7748
0921
4598
7100
6982
9159
7949
3219
7043
5083
9717
9814
1802
4481
1039
6367
3412
7014
1933
9768
6442
1213
3559
4334
3075
9913
1083
4521
8777
6931
0055
2435
0670
0250
7862
8379
3485
6516
0814
9362
4518
0161
6249
0311
2302
8612
9288
2126
2379
1336
1994
7499
4087
0864
5904
2497
9506
1354
4279
4333
3539
7421
5960
0744
0132
5906
7710
2478
8420
9081
5559
9364
4835
5115
5366
1432
5082
3022
9687
2428
1618
1106
3392
7761
2848
6112
6591
3326
6781
1259
7885
2325
5339
0802
1482
7639
2674
5692
2336
4781
4075
5123
7917
8207
8476
1761
4831
3606
3724
2018
7256
1503
6117
6524
4637
4206
1460
5924
0684
1114
9587
2100
9642
9251
3856
0673
9348
5275
1343
6072
8269
8350
2328
7740
2250
8827
1779
9123
0679
5452
2278
5815
9840
7024
0034
6706
0903
2859
0555
1455
8296
2833
2581
7312
5408
4237
3255
4301
7535
1691
8661
3397
4559
0521
1665
7768
3710
3607
0082
7456
9706
1291
7327
0447
3243
4439
3518
8501
7358
0367
4477
6637
0321
5892
1863
4679
7094
5262
4877
4755
6519
4665
1811
5241
9466
5897
0419
7874
5703
7324
3982
4368
9303
2985
5780
8040
9483
4264
4668
6734
7739
1625
4431
1175
6313
0840
0453
4217
7922
8594
1738
9956
6427
0235
2185
7259
8586
4872
5633
5024
8689
7072
2834
4478
0175
7348
6774
5848
0870
2319
5093
6966
6563
6115
9515
3108
6080
7035
7409
8231
3902
4698
6834
6860
4751
8205
3601
6744
5681
4126
3481
6175
3549
0365
5957
5709
0219
1610
2851
2618
6711
8003
3520
9223
6978
4214
7359
3145
5033
8011
6794
0056
0629
6889
2651
6213
2167
7081
1556
8007
0459
8874
4027
4120
7032
4947
2837
8130
6999
3764
5065
6992
6105
2187
3694
3666
6603
6766
1894
8098
6916
2986
7300
1143
9411
3348
1769
9072
4919
4899
5676
3338
9889
5161
8090
4760
3436
3600
6310
4021
9071
3039
3568
9321
2693
4600
2826
6022
3837
5239
3681
9874
8752
6236
2558
8666
2459
2527
8245
3489
8625
5978
0316
1922
7447
5562
8678
8218
6061
4975
5946
8921
0363
6036
8426
8768
8289
7244
5948
3585
6511
0402
2454
6231
5563
7404
0988
8655
6835
0508
4419
6159
1837
3771
5933
7184
5488
0395
2406
9566
6708
7802
4944
9615
9638
1749
3769
2374
0628
9200
3059
4015
8537
4223
1168
3165
3440
2086
2487
1695
6757
8057
4307
9540
7522
8344
4765
5909
3644
3451
2163
0695
7376
7417
1357
8651
1294
2745
3858
1428
7311
2596
5511
1210
9829
7898
6882
1737
2031
6288
8743
4707
4330
6928
7275
7091
7695
0796
1710
6250
6738
4926
5427
3743
1324
8851
1163
1131
6005
8883
3107
9570
8496
2361
3344
5999
6331
5858
1066
6783
3169
8787
5590
3930
4162
9344
3731
1226
7203
3519
6138
4839
2243
3194
6828
9215
0210
1012
4078
2929
0899
9608
4458
8330
1892
9111
0712
3870
4830
0601
8178
1138
5054
3748
7631
9851
8440
2717
7873
0242
4376
6143
3226
3995
9217
7188
5866
7688
5840
7335
9265
0676
3981
4235
5818
8786
4125
2391
2588
6866
1701
7412
4345
6309
5770
5255
7038
6038
8017
5302
5919
9025
0306
4771
8500
2124
1091
0155
5429
4924
0880
7325
3355
4630
3395
5152
0898
1492
4782
4680
2315
1404
4594
2145
6173
5956
9015
2568
0090
4291
6134
8140
2399
4644
4638
5374
4857
8387
3324
5277
5059
5813
9249
6983
5027
2443
6688
6946
9571
8587
0681
2173
3275
9878
5312
6205
3074
1408
1422
9924
4186
7134
9370
7871
9867
6827
4942
5914
5748
6581
0871
4541
0393
5171
9681
7383
0139
0291
5454
2418
9760
6422
7770
7565
5062
7334
4005
5797
6800
1680
5612
9233
1322
7766
6778
1132
1124
3013
9120
6741
8036
1033
8950
4667
0014
5279
4277
8103
7847
5902
3192
6084
3280
4507
9967
0478
8592
0422
7073
3028
6484
8829
4121
6167
3341
3761
6451
7437
6884
8688
1014
8577
4686
9737
0330
2533
3402
1203
2485
7586
4159
8092
2008
2087
7267
1603
3329
3828
4937
4498
3961
1704
3792
6432
7546
1130
1722
4657
5826
7512
1849
6703
8998
7213
9514
8647
6607
3536
6024
7120
0692
2784
1660
7253
8000
5500
1911
9975
8930
6934
2927
9180
8091
2663
1813
5362
7895
4049
5291
2992
1105
2550
5455
5300
7816
3187
3029
0987
2058
8155
6486
1620
3942
6614
0115
4552
4764
1395
3411
8117
4591
8679
0146
6886
8965
2437
5268
5551
8152
2532
5531
3826
8445
3200
3688
2049
0477
4787
2670
7186
1102
4847
4634
6148
4495
7129
8383
7671
6214
9957
1359
8485
6503
5664
3043
9443
9685
2177
4546
4437
0494
8527
1602
6274
7534
0120
7810
6677
2734
0897
3176
0170
8403
6119
8443
0006
0797
4489
2002
9894
1824
2697
5091
3738
5973
5771
1128
9847
1881
6262
6473
1078
4816
2523
0530
7780
2292
2990
3256
4241
5306
9654
9923
3257
3772
4229
2327
9761
9745
5577
4590
3012
3641
0343
7541
4104
8419
1867
1754
6892
5794
8006
8800
6707
4402
9666
5497
0198
4738
2964
8014
3672
5473
6742
4614
7937
5756
6775
6000
8987
7070
4868
8842
0047
4101
7066
1614
0985
6720
9350
6947
0315
9250
1502
3390
2549
7881
5346
4367
6306
1774
0901
0057
1092
4234
8488
4570
7208
9773
9801
3267
7137
3443
2247
0263
6189
3302
2317
3287
1335
7709
0010
9660
1841
1185
7614
3530
0212
4575
2372
4846
3758
9622
7282
9422
5534
7784
1207
9541
4053
0348
1563
0835
2926
8265
7372
5685
8973
6459
9725
0994
1457
7099
7771
7574
4799
6076
1356
8023
3127
8871
6380
5536
4079
0582
8108
8105
9151
3265
9473
3477
1360
2064
8949
0910
3337
3523
6668
2891
7400
2587
0891
5675
4486
7916
4177
3221
3796
2469
0435
9435
1300
1453
2577
5626
3178
2223
5233
5325
8421
4340
8859
8249
6561
6210
4000
4576
3827
1817
1088
5258
0290
2257
6351
0709
6001
6636
1557
0763
5852
5829
3850
4146
4221
0710
3345
6709
9275
2857
4066
6226
3922
5310
7373
1402
0960
3198
2381
8441
4428
4943
5625
4785
3384
8305
2580
4753
0583
4268
6416
3104
6997
6733
3383
6329
7004
2815
5504
0887
5486
0534
8192
7420
7700
9782
8436
8748
3146
8699
6754
2228
7232
6498
3340
9107
2342
8009
5364
6568
2109
5135
8028
5600
7394
1052
6896
8690
4607
3474
5196
5269
0803
3315
5566
4201
0095
9641
9394
4551
4013
0049
7101
3095
0177
1724
1532
3698
1342
0890
7804
8341
8596
9564
8039
6536
1521
0247
4318
5116
1245
3935
1065
6788
6421
2666
1436
7194
9920
2118
9542
4212
0168
2617
6218
6269
2864
7985
3786
9195
0364
7752
6227
9610
0347
6500
4601
9290
2987
2795
4672
0227
3909
7640
1250
5979
6819
8240
0984
1230
8099
5286
0169
5717
4523
3399
1490
1717
8544
5762
1317
8956
0307
3487
2398
0607
2643
6238
2140
6640
2899
5094
2119
4413
5340
8336
7783
2329
6285
1337
9222
8846
9024
6847
7998
3901
3648
3809
7601
6895
5868
2916
3962
8449
9199
8138
4526
9084
3842
0240
7676
8849
3404
2032
6413
8602
5522
4650
8677
8753
7289
9442
7037
1870
7125
1746
3190
8094
2603
4788
5565
5181
1478
7403
8953
0824
9537
4885
0929
2042
7135
7060
9356
4730
3140
9078
1136
4815
8390
2645
8221
2332
2383
8704
4385
0133
4729
3494
9098
7704
9205
4017
8313
2589
4520
3096
9675
7965
5138
5041
1053
7286
1555
2076
2575
5751
3210
0191
2808
8382
1013
2816
6505
1224
2502
1647
9408
8241
6526
2714
2030
5761
1411
2011
7183
0046
9902
5729
8008
4853
1612
4387
5263
5775
5175
3156
3283
7041
4826
7486
8439
9904
5874
2554
1711
2148
5502
5076
7490
0214
5270
1855
4412
2501
3418
1825
3303
0733
9260
7779
5413
0892
9174
0967
1564
0028
1261
1613
1061
9783
6844
0537
3346
7223
5079
1031
6848
9176
6785
1796
1523
8264
5889
8450
7241
4451
7167
0072
6890
5430
6724
2285
6377
9459
7670
3630
4249
9988
0026
1937
0680
2659
3242
3111
4342
8364
9034
9504
8247
1135
5139
2694
4285
7815
1644
9067
0858
0224
4193
5051
7030
8600
1988
7954
6365
6697
1981
9727
1641
3532
9341
3556
8102
0457
1196
2962
1898
8233
7889
7239
5772
8816
8374
1268
8911
5254
4354
8765
1109
8417
8254
7217
3157
0465
0266
9315
1284
4744
7092
9450
0634
3899
5835
4640
2896
2346
3801
1986
7973
5938
2526
9046
0241
8244
3789
2820
1275
3002
6207
2244
0167
3232
4380
0649
4763
3400
9787
9417
3570
0619
4917
1663
5560
5103
4964
8917
5627
3045
7569
7645
9051
6066
6182
3184
2999
2913
8730
3446
5877
0192
9365
8370
9632
5642
8139
8452
5202
6938
0273
2690
9548
5652
1046
3728
7113
4150
6133
4842
1024
2936
4597
7976
3642
4151
7532
1687
3597
0507
1607
4044
2522
6264
6251
0418
2684
6980
2860
7793
1537
5309
8257
6228
0065
7406
4990
6294
1553
6369
7630
2872
2411
8983
4955
4978
7649
8199
2727
3894
9074
3787
6616
9241
2168
9572
2740
9213
3405
1889
6582
2494
2405
9885
4532
4774
2556
5907
0094
5184
5343
1913
5140
8928
1366
8938
0781
3170
1214
9938
6259
4879
2685
9748
9635
3652
1585
0942
7284
6598
2375
4581
9651
1696
3307
4042
8588
9256
5228
9507
3875
7894
5480
1623
6202
3643
8033
7891
5947
9197
9534
8656
9191
6234
2430
4257
9882
8563
3398
4841
8569
9183
6963
1452
3868
5260
3453
2561
1850
7050
1822
1598
5843
9739
7880
6894
4371
0875
0344
9257
1274
4336
8870
4819
9001
7057
6312
6108
6736
3094
4776
5764
0438
8533
0920
9966
1957
0771
6644
4429
7769
0558
3639
5089
4487
7975
3079
7934
8459
7216
0548
5631
0256
3707
0384
5348
4233
2590
4315
9958
4136
8654
0069
4564
6429
5981
7163
4712
6424
6321
3696
7277
3083
6275
3797
5006
1944
7545
6513
2736
1447
8684
9269
9576
2258
5972
5344
5641
9446
9986
0819
5200
9943
0543
3376
0278
5668
0158
2255
7697
7518
9905
4932
8975
8316
6404
4881
7741
4752
9470
2171
0442
5422
3752
4838
6647
4160
8771
8041
4209
1639
2427
7957
3350
3312
2548
4572
8759
2707
8061
4400
2236
9436
8246
4377
2611
0104
0231
6901
0959
9671
8195
3408
4814
1640
2184
3636
1351
7475
9166
9969
6878
6323
7492
3525
6088
1063
7389
6747
5915
7270
5895
3897
3543
3277
7464
2077
8320
8667
5130
1290
5985
8444
9694
1534
9971
3420
1458
7450
7857
2893
6833
7328
5651
1484
9008
6590
0066
6974
4963
0379
3991
2473
3621
0933
6178
8133
9088
5334
3463
5044
5328
8814
5333
2134
4658
0518
2683
4912
0126
2973
2349
7845
8835
0785
3167
7638
5503
5655
7368
1117
8613
6843
3963
7084
0935
2613
2456
1212
1040
2233
6537
5587
0005
6392
9457
2940
4270
6654
1627
7703
2664
0255
1511
5859
2655
3409
3393
6560
3706
1278
7431
3499
6037
2003
4700
1287
3000
8404
7397
6780
5529
5353
7085
9657
6122
5782
6299
4191
5929
6574
6042
4622
6588
3753
3016
9336
6635
0443
5078
3339
0843
8359
8334
6315
9156
7314
1758
9984
0113
1464
4274
2746
2202
8145
1217
7529
6685
8368
5823
1280
6639
4980
2063
9715
5034
4915
8618
4545
7501
6811
3762
6290
4416
1580
6480
4068
0562
7255
9637
0782
2125
5773
7428
5568
4922
1735
0455
5235
7720
0715
7478
5458
1147
1297
7599
4426
7126
9317
4710
0488
4395
8206
2159
2863
5501
3089
3751
3234
2669
3960
9168
4708
2222
5605
8068
8892
6018
2354
4040
3947
4923
1071
3471
1247
8635
6359
0656
4713
2620
2442
1348
3328
2112
1222
9283
9209
5133
9445
8879
0970
1323
1993
4996
0208
9477
3534
6123
9481
3999
7516
7022
4645
9013
1149
7424
0202
8044
2963
6786
5056
0276
9616
9096
4775
7717
2181
5446
4204
6013
2743
0821
3359
6176
0941
0666
2151
0038
5696
9974
8797
7860
2047
2438
3926
1990
1304
9405
7692
0182
9557
1429
4157
9886
1893
5619
2696
1820
5400
8198
9463
7839
5365
4198
6497
1339
7519
5963
5819
9389
7295
5363
1929
3154
0748
0062
5613
2945
4323
2668
2998
1673
7605
3007
0450
0337
0481
4406
7005
9505
1225
6241
2143
1706
9238
0932
3560
3264
6481
9857
9553
6379
0711
9093
3214
0571
1072
6621
6964
3202
2089
9763
6204
8838
4189
5913
8833
7493
8170
4954
7788
5588
2166
1094
8388
5774
8010
3777
9112
0636
3692
7918
7836
6035
6840
8110
9855
6495
6632
8920
1819
6360
3693
3032
6612
4927
4542
9767
9372
0468
4628
2982
8280
5660
0426
0611
4736
9426
8154
6240
3592
7505
6732
0849
9404
7233
5688
7392
6171
2968
0303
0648
1927
5945
2007
2270
9707
3723
5401
3839
3925
7468
1056
0729
9704
7942
3775
6991
6256
0433
9484
9683
9211
8129
9300
3834
0883
1241
3123
6286
1954
3381
0444
2455
8790
8807
4327
7795
1166
5441
3705
9102
2895
0992
7261
3625
0714
3686
8478
3845
5943
4685
4281
5617
3459
3561
2067
9503
5721
1755
8411
2276
5812
6804
8915
2540
6181
7408
4244
6337
2909
9023
2974
1790
6485
0739
2792
5898
2404
7280
1978
1318
0031
6520
2493
5476
5016
5736
6861
3946
3035
2307
5448
8530
4393
4248
7222
1845
7790
6693
1690
4563
5391
3832
9510
9821
9050
4582
7175
5796
2849
6190
2111
7089
8976
4703
9929
3276
0480
1399
4319
8118
9273
7708
5063
6714
0948
9955
5494
9304
9538
2097
1648
3422
0846
6106
9730
9276
5535
6653
9378
2622
7820
8788
8164
1474
9684
0089
2843
2506
6425
7058
9287
0361
4139
6941
3831
2686
0228
2288
2572
4384
6093
7465
7371
9749
5880
1276
6674
3867
3615
1334
0587
6957
0292
1987
3667
5838
8960
2036
1884
2138
9781
5047
9460
1016
8780
0335
2439
3504
1146
1098
1569
6121
9192
8948
4759
9309
9009
9041
5411
9788
9366
6529
7513
1364
6002
8230
0251
9909
4825
8686
2351
2866
1950
1397
5201
8025
6572
4864
8174
8024
9474
2907
2144
2545
1995
3218
2366
0351
4165
2188
3732
1935
6343
9668
1682
5581
0754
4349
3084
6477
6619
9149
6296
3033
7355
5205
7141
5828
7760
1624
9561
5274
9145
3048
8075
1390
6395
5809
6075
1426
2277
1688
2014
3380
4255
1377
3563
8510
9734
2195
3903
0099
9770
2146
8778
0755
3755
5436
3065
5380
3765
9716
6623
6211
9118
0626
5077
8866
4161
5122
8032
5165
1393
9722
2071
6501
0329
1862
7827
0392
1858
3204
9516
9939
2450
4651
5162
7474
8990
3889
2636
8111
8286
3990
9695
4780
6347
7660
4891
8542
5886
9396
5409
7008
1520
3840
8841
0788
4533
9371
4803
4100
1179
6407
9103
2060
1331
8259
2353
8512
6699
6479
1229
5177
8362
9464
6746
8837
7410
1764
1286
5039
5706
9937
3807
7508
8685
9193
6335
4692
9003
5785
5636
8156
6055
1087
7939
0396
0317
5052
4701
1743
5827
7577
7268
6282
0549
6650
1423
0721
7308
5698
7248
7330
8716
0162
6373
8558
3004
8644
0373
9820
1015
1111
3969
9811
4615
0560
2462
0603
6439
4351
0576
9511
0067
9590
3565
2612
1823
5498
9758
6509
3992
7602
0220
2356
9203
0153
6378
6773
5542
5347
1486
2052
5674
4239
6704
5964
3088
9171
9314
5189
9154
3414
6489
3910
0174
3317
1021
7503
1104
4320
8018
1909
7877
0408
9736
5217
9916
7049
8457
0193
3229
1784
7075
1008
6170
9045
4095
1156
3014
1906
5784
8532
6900
8804
6810
6301
0816
7274
6239
8552
9387
3260
6798
6883
9630
5368
5719
3605
2436
5618
4347
5194
8187
0295
6003
4611
7413
3576
6528
2295
6849
2330
9032
7964
9560
7705
5460
0817
4863
6370
1702
8070
0008
9056
2954
0723
2488
7944
0689
6400
1170
9659
7924
6087
5499
4767
4343
8433
7509
8503
7907
4861
3246
0116
5403
6791
7067
6128
5997
0253
3349
6270
0084
9965
0360
5404
7974
2376
4071
7356
7225
9185
6298
7612
1804
7528
4432
9002
9766
2897
4008
0620
3790
0036
6314
4794
1698
3745
1979
7055
0277
8711
6130
6718
6937
3583
5556
0927
7875
6431
4138
1234
1439
5064
5097
6543
7378
6864
0664
4693
4979
2782
3424
4754
4456
0218
8058
7806
9639
1996
0993
6981
4731
0310
1440
3620
6403
5337
0749
7082
8943
8668
3860
7235
3143
9092
7914
8325
9428
2102
7825
8451
1126
4991
9297
5953
8076
1544
8292
8038
8171
7393
3747
6023
6320
2147
4200
8860
0045
5662
1027
6686
4033
8831
0778
9533
9980
2569
8621
0894
6430
8408
4181
7206
9733
1574
1328
9559
0917
3934
7921
1308
9729
0596
3071
5118
0965
7808
2946
1920
6474
8401
3579
0557
0322
0968
8642
7352
7681
7149
7365
4554
4080
9201
0930
5608
2713
2470
7111
6048
5070
0184
3457
5891
6326
2950
6837
0149
8845
3715
0027
9728
4715
7190
0848
5731
8766
1806
1969
9121
8429
3674
2802
1223
6063
0734
7321
7936
5426
1028
2218
9928
8665
4215
1403
2777
2298
5510
4050
7785
1984
5765
7674
6570
6054
6406
0861
1807
7269
5533
3185
9864
1320
2699
2625
0051
6695
3403
4037
6683
1389
6209
6836
4595
1096
5226
1410
5887
0410
5726
2045
7405
8546
0173
6550
7893
5657
1002
1588
1866
9409
5610
8905
6961
2050
5715
1193
2451
7362
8153
2606
9245
1358
9583
9243
3562
1941
2412
5387
1874
7154
0728
8363
9058
6597
7218
0464
1763
8723
4739
2013
2591
1658
9465
6203
7195
1019
0907
2080
8604
8360
1888
0799
4316
3703
8758
5603
8567
6376
1902
5397
5833
4463
8646
4391
1983
3377
5950
7416
5557
2598
7226
8177
5752
1679
0201
2484
5389
1388
0470
1582
7634
6150
2099
0701
9165
9160
0768
6874
3295
0547
9650
3316
3100
5466
4173
9306
1488
7298
4105
8798
4865
4720
6821
8727
7878
3216
6059
3593
2179
3223
9600
3535
4648
0154
4539
9844
5356
4462
8002
2884
5015
5154
6047
4822
5193
6723
0340
0602
0579
0196
3309
1955
9614
8333
9161
2755
7108
7263
2703
0414
8489
8268
5928
4621
9849
3915
4527
7127
6692
1456
3274
9825
7427
9022
5278
5163
8409
4210
5489
9153
7236
3626
6362
2010
4097
3567
1333
2881
9030
1833
5599
2035
2733
7544
5085
1864
1416
1857
6535
3238
6303
5360
7716
8123
5350
4335
9155
3091
7438
4721
6758
1487
4057
3025
9633
6113
5342
8571
8982
2311
1976
8323
8820
0428
1459
9006
1141
6146
5629
7229
3836
1686
8818
6261
2308
0833
1885
5693
4711
2022
3725
1703
3927
0430
5844
3940
0561
4914
0945
6903
3550
9231
0784
0981
4060
4674
1697
8876
7624
9430
9527
8043
1963
6426
9892
2180
0645
0939
0389
2594
5931
7191
3058
0578
5045
5850
4758
6625
9567
1095
7315
1485
7538
2314
1799
3757
7039
8775
4850
8521
7733
1231
9789
3873
7619
8697
1270
4149
0949
6197
9258
2178
2483
0541
4573
5295
3575
3759
7423
4560
1606
1469
2673
9144
8601
1619
2139
2610
1355
4602
0232
1338
0460
5204
6862
2889
7349
9731
7707
0608
7116
5461
2026
9451
9109
0775
5192
9649
4740
0859
6569
9310
2830
3023
6678
9141
2252
8298
0727
4502
2813
7797
0172
2444
8272
1852
5415
0017
6576
9594
6770
0358
3252
5916
1956
7026
2858
0850
8887
7121
5971
6584
3869
8135
1777
2531
6411
7151
4056
8462
3248
4297
7294
9453
7578
5920
8698
4967
1306
3490
2840
9746
1038
2989
8377
5008
6291
9798
2061
9059
4356
0940
1197
3952
8026
7730
7558
9167
5521
9805
9645
3948
6729
2465
0490
9794
6897
9083
0144
1828
3624
0736
0406
3171
4114
9865
1202
8282
8412
3090
3258
5594
8166
9646
1693
6374
7632
6006
9406
4192
5768
1903
3106
1635
0369
7621
0813
5318
4706
0110
1221
2170
1497
5518
2227
4786
1923
7336
7384
8148
8629
5863
0243
8832
3515
7306
9565
1899
9500
0178
7422
5242
2957
6760
5402
6990
7724
5912
5567
4818
7480
8349
6796
9786
3081
6826
5910
5901
8052
8329
6070
4989
8581
8900
2426
3980
7317
5147
9667
8143
1236
6816
2141
5822
0179
5695
2939
2724
6521
4983
7863
9563
4992
7443
8351
4170
8386
5297
0342
5637
6504
2104
0441
0575
3542
8607
6184
3955
9219
8045
2259
4178
6074
8297
7858
8114
7301
1495
8147
6555
8124
9255
5099
3884
8955
0862
0092
5111
9718
5814
9525
3953
3444
2763
6605
2287
9808
5791
0061
4609
4135
9097
7019
4897
2512
1400
0001
0662
6386
8914
2944
7829
3921
8454
7401
4422
1977
1840
0127
2778
6645
7755
1527
6073
7684
5265
5492
4311
9875
1518
2027
8999
4836
7711
4567
6100
4383
3712
3502
8624
6034
5989
6447
6567
4784
1058
6967
1829
9113
4909
9307
1801
4769
5345
1792
5538
4131
8582
3109
9613
9631
9502
4016
7972
0244
5153
3590
0357
6993
1122
4026
3977
5942
8161
9735
9206
7955
9848
1608
3822
8897
5419
8738
3882
2337
3971
5308
7701
7658
2289
1566
9057
3452
2791
3284
0746
4388
9574
8507
4236
8694
5227
3425
5574
5839
9379
1472
9676
8125
7303
9101
1076
7148
6381
5252
2508
8122
9012
8255
6743
2775
1718
4869
0877
3673
9005
5237
3431
3235
1628
6633
3484
3690
8941
9879
1346
4806
5187
4746
6675
6539
9395
9491
9248
0466
6651
5496
2150
9108
3017
3486
5073
5481
0054
4961
4704
7530
0956
8918
9152
5917
4430
2824
3900
0923
0007
0454
1194
2280
8936
9462
4423
1583
8693
9643
4953
0893
9367
4805
3220
9424
1378
4960
6888
2368
5575
1882
3483
8802
3951
6295
4604
8903
1656
9104
6186
9992
1089
2515
4337
7756
2518
6217
1425
5940
7721
8819
6564
0694
0827
7609
1219
8467
6968
5284
0087
1327
2644
2386
2246
8126
5517
8480
0807
1419
1803
1694
3587
0098
4433
7031
9173
4224
5847
6971
8369
3082
5067
5817
2390
0725
3893
1101
8005
0986
4578
4987
8217
1997
7453
2333
3803
8908
1120
0639
6345
3721
1181
7291
0249
1786
3646
6587
3973
5439
9147
2761
2213
1674
4894
8680
3036
7557
8623
1183
6141
1961
2082
7726
7309
3247
7698
1795
8321
4655
1085
9693
3896
1302
3557
5530
1446
4660
1551
1362
6079
3933
4892
6687
0672
0786
2839
3847
3150
2341
5879
1289
4696
3734
9368
6682
8393
8639
0002
9285
3503
9357
0293
2253
6604
5804
8648
0206
5980
4278
7299
6927
5787
4242
8808
3212
0142
7675
6302
2084
8516
7234
5329
0580
7103
0553
5802
5800
2149
6384
0451
9884
5359
5002
7496
7138
3358
8019
5769
6058
6580
4548
6702
0399
1715
1368
3122
7789
5447
8080
8134
4569
5031
6467
7320
9038
2758
1615
0195
5351
9791
1025
8566
4014
5572
4513
2005
3207
0298
1700
5007
4062
9605
6418
3407
8252
8927
4454
6289
0093
2358
3781
7872
7910
0958
5746
1125
4543
3513
9743
4081
3572
0096
9544
5677
5728
7457
9292
2491
6469
3984
8729
8285
7869
5392
4003
7912
1003
7844
1108
9069
8899
2265
4687
8109
0296
5068
9569
6585
8432
2335
1159
8785
3805
8932
1946
3659
5107
1391
1380
5988
4596
0996
9414
4584
8400
7451
8203
1113
6246
7568
4009
5753
8069
8186
5048
8789
3573
0234
0143
6215
4666
3943
7257
2242
7547
7467
4654
8229
3569
7722
3475
4973
4976
3434
4145
6790
0950
4102
5905
3331
8317
7978
4111
9922
2385
4519
5444
0282
1353
7429
8568
9230
2322
4540
3661
0881
4681
9412
3203
2903
3512
6858
2553
6125
1249
5296
1023
2630
8517
3744
0440
7122
2503
0114
5870
8732
1985
2296
1107
3904
8839
9099
2793
6935
8872
7665
0356
2108
0820
9480
0301
0872
9122
5493
9021
6458
1756
5548
7065
7669
4169
6230
3437
4010
7487
1562
0853
9521
7086
1235
7687
5878
6220
9598
4878
6336
7076
9953
7353
1926
9532
5303
7473
2972
9039
5213
0103
